0 11 12 13 14 15 21 22 23 24 26 31 32 33 35 38 41 44 45 46 48 52 53 59 63 64 68 510 511 613 614
11 0 0.3649795022 0.5118144531 0.5660011618 0.6387830011 1.451846636 1.44888537 1.438217735 1.431753474 1.427412087 1.095200513 1.054801785 1.032061035 1.07822359 1.014758738 2.129786141 2.048672698 2.041847498 2.04062705 2.067458162 7.517063148 7.541063295 7.555520808 4.866180563 4.866180563 4.880041885 7.436776824 7.552951948 3.794448331 4.920229059
12 0.3649795022 0 0.4592593229 0.5314899318 0.619526784 1.446045248 1.443086611 1.432419992 1.425958652 1.421621329 1.090486145 1.050132652 1.027567586 1.073490951 1.00981254 2.127137448 2.046011875 2.039181167 2.037957132 2.064795697 7.513091983 7.537090905 7.551555299 4.863616608 4.863616608 4.87749198 7.432810525 7.548985544 3.791898158 4.917702353
13 0.5118144531 0.4592593229 0 0.4173731947 0.5861879094 1.436371508 1.433419799 1.422753914 1.416297605 1.411966477 1.081816514 1.041527823 1.019317471 1.064749383 1.000697804 2.12386365 2.042714404 2.035870258 2.034638316 2.061492028 7.507468803 7.531465356 7.545943011 4.860408739 4.860408739 4.874307256 7.427196574 7.54337142 3.788719111 4.914570304
14 0.5660011618 0.5314899318 0.4173731947 0 0.5570561322 1.430943972 1.427995864 1.417332009 1.410880548 1.406556497 1.078758265 1.03856841 1.016638748 1.061696632 0.9972425247 2.123115574 2.041948979 2.035098019 2.033861239 2.060725408 7.504685728 7.528680471 7.543168471 4.85981957 4.85981957 4.873739729 7.424420909 7.540595609 3.788148654 4.91403286
15 0.6387830011 0.619526784 0.5861879094 0.5570561322 0 1.42853885 1.425583406 1.414935304 1.408500856 1.404208888 1.092207427 1.052474052 1.030978255 1.075555172 1.009792496 2.128365261 2.047166308 2.040325451 2.039086775 2.065965643 7.503878187 7.527869272 7.542380132 4.866188608 4.866188608 4.880183266 7.423631512 7.539805795 3.794534183 4.920468712
21 1.451846636 1.446045248 1.436371508 1.430943972 1.42853885 0 0.4300291632 0.466096733 0.5545638175 0.6338060034 1.512406653 1.480694423 1.462617068 1.504929767 1.419783489 2.450055395 2.367768923 2.360657268 2.359166037 2.386665538 7.59214866 7.615887739 7.631786101 5.204079992 5.204079992 5.2196264 7.512849186 7.629005968 4.133361694 5.261120527
22 1.44888537 1.443086611 1.433419799 1.427995864 1.425583406 0.4300291632 0 0.3795330333 0.5085587838 0.6093929379 1.509625705 1.477906369 1.459818407 1.50214396 1.417021228 2.446281241 2.36398951 2.356878687 2.355386919 2.382888948 7.586532433 7.610269559 7.626178711 5.200460947 5.200460947 5.216017319 7.507240359 7.623397004 4.129744731 5.257510114
23 1.438217735 1.432419992 1.422753914 1.417332009 1.414935304 0.466096733 0.3795330333 0 0.4427571277 0.5736234989 1.498755092 1.467042916 1.448955309 1.491282789 1.406145722 2.435570476 2.35327925 2.346167804 2.344675915 2.37217782 7.576083661 7.599820986 7.615728946 5.189716407 5.189716407 5.205271178 7.496790681 7.612947345 4.119000526 5.246765732
24 1.431753474 1.425958652 1.416297605 1.410880548 1.408500856 0.5545638175 0.5085587838 0.4427571277 0 0.5023700484 1.49212167 1.46041502 1.442321654 1.484659307 1.399516664 2.428572296 2.346278676 2.339166872 2.337674505 2.365177722 7.568362454 7.592098904 7.608011567 5.18276316 5.18276316 5.198321591 7.489072577 7.605229188 4.112048953 5.239817754
26 1.427412087 1.421621329 1.411966477 1.406556497 1.404208888 0.6338060034 0.6093929379 0.5736234989 0.5023700484 0 1.487421154 1.455726695 1.437627101 1.47997787 1.394817069 2.423607544 2.341311738 2.334199 2.332706004 2.360210551 7.562834682 7.586570348 7.602487117 5.177818273 5.177818273 5.193379326 7.48354741 7.59970398 4.107106195 5.234878785
31 1.095200513 1.090486145 1.081816514 1.078758265 1.092207427 1.512406653 1.509625705 1.498755092 1.49212167 1.487421154 0 0.5448107866 0.6590567889 0.6186066742 0.6560037735 2.210047148 2.128715052 2.1214604 2.120070769 2.147107164 7.62432972 7.648331962 7.662750406 4.936032442 4.936032442 4.949686851 7.543991028 7.660167983 3.864852812 4.991284481
32 1.054801785 1.050132652 1.041527823 1.03856841 1.052474052 1.480694423 1.477906369 1.467042916 1.46041502 1.455726695 0.5448107866 0 0.5598194345 0.480588517 0.6610381962 2.175100246 2.093785124 2.086541798 2.085158422 2.112183501 7.589979578 7.613982692 7.628396698 4.901081304 4.901081304 4.914717494 7.509638196 7.62581519 3.829877391 4.956270219
33 1.032061035 1.027567586 1.019317471 1.016638748 1.030978255 1.462617068 1.459818407 1.448955309 1.442321654 1.437627101 0.6590567889 0.5598194345 0 0.6488701425 0.7026437329 2.146531812 2.065238192 2.057986869 2.056604364 2.083619898 7.566339203 7.590346088 7.604737897 4.871686738 4.871686738 4.885268316 7.485981327 7.602158671 3.800474011 4.926834773
35 1.07822359 1.073490951 1.064749383 1.061696632 1.075555172 1.504929767 1.50214396 1.491282789 1.484659307 1.47997787 0.6186066742 0.480588517 0.6488701425 0 0.673004971 2.202810249 2.121491374 2.114255192 2.112873479 2.139898991 7.615752021 7.639753789 7.654175949 4.929146264 4.929146264 4.942800047 7.5354169 7.651593755 3.85793824 4.98433224
38 1.014758738 1.00981254 1.000697804 0.9972425247 1.009792496 1.419783489 1.417021228 1.406145722 1.399516664 1.394817069 0.6560037735 0.6610381962 0.7026437329 0.673004971 0 2.132882721 2.05151523 2.044264587 2.042870644 2.069924696 7.540544384 7.564541258 7.57899085 4.859889245 4.859889245 4.87361997 7.46022844 7.576404926 3.788732721 4.915223452
41 2.129786141 2.127137448 2.12386365 2.123115574 2.128365261 2.450055395 2.446281241 2.435570476 2.428572296 2.423607544 2.210047148 2.175100246 2.146531812 2.202810249 2.132882721 0 0.5353066598 0.6390566656 0.6928344366 0.6207943893 7.846698812 7.8712492 7.882385631 4.375722188 4.375722188 4.415504397 7.763873313 7.880104456 3.304370604 4.443023186
44 2.048672698 2.046011875 2.042714404 2.041948979 2.047166308 2.367768923 2.36398951 2.35327925 2.346278676 2.341311738 2.128715052 2.093785124 2.065238192 2.121491374 2.05151523 0.5353066598 0 0.4993856511 0.5592456534 0.5114695849 7.759764277 7.784318962 7.795428265 4.306246342 4.306246342 4.34665034 7.67691702 7.793148673 3.236117214 4.376407103
45 2.041847498 2.039181167 2.035870258 2.035098019 2.040325451 2.360657268 2.356878687 2.346167804 2.339166872 2.334199 2.1214604 2.086541798 2.057986869 2.114255192 2.044264587 0.6390566656 0.4993856511 0 0.3824939394 0.3841668208 7.752757382 7.777312552 7.788417424 4.293299293 4.293299293 4.334522053 7.669905455 7.786137251 3.223724368 4.365085826
46 2.04062705 2.037957132 2.034638316 2.033861239 2.039086775 2.359166037 2.355386919 2.344675915 2.337674505 2.332706004 2.120070769 2.085158422 2.056604364 2.112873479 2.042870644 0.6928344366 0.5592456534 0.3824939394 0 0.4752172807 7.750593483 7.775149461 7.786248791 4.292661653 4.292661653 4.334192761 7.667736748 7.783968666 3.223472637 4.365411902
48 2.067458162 2.064795697 2.061492028 2.060725408 2.065965643 2.386665538 2.382888948 2.37217782 2.365177722 2.360210551 2.147107164 2.112183501 2.083619898 2.139898991 2.069924696 0.6207943893 0.5114695849 0.3841668208 0.4752172807 0 7.780465868 7.805019521 7.816133856 4.313136507 4.313136507 4.354295937 7.697621436 7.813853058 3.243165606 4.384090755
52 7.517063148 7.513091983 7.507468803 7.504685728 7.503878187 7.59214866 7.586532433 7.576083661 7.568362454 7.562834682 7.62432972 7.589979578 7.566339203 7.615752021 7.540544384 7.846698812 7.759764277 7.752757382 7.750593483 7.780465868 0 4.837874074 6.305722239 10.717947 10.717947 10.74154696 7.006299046 7.060308295 9.649473006 10.78324607
53 7.541063295 7.537090905 7.531465356 7.528680471 7.527869272 7.615887739 7.610269559 7.599820986 7.592098904 7.586570348 7.648331962 7.613982692 7.590346088 7.639753789 7.564541258 7.8712492 7.784318962 7.777312552 7.775149461 7.805019521 4.837874074 0 6.443507024 10.74240639 10.74240639 10.76599952 6.906108318 6.958230454 9.67392997 10.80769728
59 7.555520808 7.551555299 7.545943011 7.543168471 7.542380132 7.631786101 7.626178711 7.615728946 7.608011567 7.602487117 7.662750406 7.628396698 7.604737897 7.654175949 7.57899085 7.882385631 7.795428265 7.788417424 7.786248791 7.816133856 6.305722239 6.443507024 0 10.75408292 10.75408292 10.77771823 6.590669536 6.615402632 9.685622574 10.81942682
63 4.866180563 4.863616608 4.860408739 4.85981957 4.866188608 5.204079992 5.200460947 5.189716407 5.18276316 5.177818273 4.936032442 4.901081304 4.871686738 4.929146264 4.859889245 4.375722188 4.306246342 4.293299293 4.292661653 4.313136507 10.717947 10.74240639 10.75408292 0 -6.36695825e-08 4.169281905 10.6355264 10.75174885 2.642692805 4.703098884
64 4.866180563 4.863616608 4.860408739 4.85981957 4.866188608 5.204079992 5.200460947 5.189716407 5.18276316 5.177818273 4.936032442 4.901081304 4.871686738 4.929146264 4.859889245 4.375722188 4.306246342 4.293299293 4.292661653 4.313136507 10.717947 10.74240639 10.75408292 -6.36695825e-08 0 4.169281905 10.6355264 10.75174885 2.642692805 4.703098884
68 4.880041885 4.87749198 4.874307256 4.873739729 4.880183266 5.2196264 5.216017319 5.205271178 5.198321591 5.193379326 4.949686851 4.914717494 4.885268316 4.942800047 4.87361997 4.415504397 4.34665034 4.334522053 4.334192761 4.354295937 10.74154696 10.76599952 10.77771823 4.169281905 4.169281905 0 10.65915945 10.77538113 2.768127062 4.412982187
510 7.436776824 7.432810525 7.427196574 7.424420909 7.423631512 7.512849186 7.507240359 7.496790681 7.489072577 7.48354741 7.543991028 7.509638196 7.485981327 7.5354169 7.46022844 7.763873313 7.67691702 7.669905455 7.667736748 7.697621436 7.006299046 6.906108318 6.590669536 10.6355264 10.6355264 10.65915945 0 3.076650393 9.56706615 10.70086933
511 7.552951948 7.548985544 7.54337142 7.540595609 7.539805795 7.629005968 7.623397004 7.612947345 7.605229188 7.59970398 7.660167983 7.62581519 7.602158671 7.651593755 7.576404926 7.880104456 7.793148673 7.786137251 7.783968666 7.813853058 7.060308295 6.958230454 6.615402632 10.75174885 10.75174885 10.77538113 3.076650393 0 9.683288268 10.81709073
613 3.794448331 3.791898158 3.788719111 3.788148654 3.794534183 4.133361694 4.129744731 4.119000526 4.112048953 4.107106195 3.864852812 3.829877391 3.800474011 3.85793824 3.788732721 3.304370604 3.236117214 3.223724368 3.223472637 3.243165606 9.649473006 9.67392997 9.685622574 2.642692805 2.642692805 2.768127062 9.56706615 9.683288268 0 3.186445009
614 4.920229059 4.917702353 4.914570304 4.91403286 4.920468712 5.261120527 5.257510114 5.246765732 5.239817754 5.234878785 4.991284481 4.956270219 4.926834773 4.98433224 4.915223452 4.443023186 4.376407103 4.365085826 4.365411902 4.384090755 10.78324607 10.80769728 10.81942682 4.703098884 4.703098884 4.412982187 10.70086933 10.81709073 3.186445009 0
