0 11 12 13 14 15 21 22 23 24 26 31 32 33 35 38 41 44 45 46 48 52 53 59 63 64 68 510 511 613 614
11 0 0.3649137502 0.5113680505 0.5652224189 0.6372282461 1.366846441 1.366206214 1.358560934 1.354624489 1.352109045 1.05257623 1.022551006 1.002555413 1.041685613 0.9883024498 1.866742393 1.796394526 1.791591789 1.790654727 1.814056345 6.594748001 6.623843928 6.621399118 4.488854482 4.488854482 4.299071784 5.657138277 5.698793738 3.287492908 4.301033465
12 0.3649137502 0 0.459085871 0.5310858326 0.6184370824 1.361902191 1.361265001 1.353620846 1.349687585 1.347176514 1.048690503 1.018702343 0.9988773626 1.037772635 0.9841764822 1.864834277 1.794473412 1.789664655 1.788723676 1.812133342 6.591554544 6.620649439 6.618212575 4.487030843 4.487030843 4.297261952 5.653951653 5.695607089 3.285682535 4.299242608
13 0.5113680505 0.459085871 0 0.4173170705 0.5855640393 1.353558702 1.352929337 1.345285875 1.341358047 1.338853433 1.041272799 1.011331459 0.9918510182 1.030262265 0.9762995912 1.862690285 1.792304241 1.787480406 1.786530801 1.809956734 6.587122902 6.61621577 6.613794275 4.48494508 4.48494508 4.295199076 5.649533042 5.69118842 3.283624628 4.297223596
14 0.5652224189 0.5310858326 0.4173170705 0 0.5566516548 1.348745781 1.348120739 1.340479424 1.336556894 1.334059775 1.038682115 1.008824339 0.9896145073 1.027661076 0.9733028161 1.862396728 1.791992073 1.787160532 1.786205616 1.809642868 6.584869579 6.613960906 6.611551368 4.484802605 4.484802605 4.295077504 5.647290046 5.688945374 3.283500559 4.297127027
15 0.6372282461 0.6184370824 0.5855640393 0.5566516548 0 1.345992624 1.34536118 1.337737331 1.333833966 1.331371875 1.051120914 1.021695539 1.002891384 1.04049509 0.9848357342 1.866706807 1.796266981 1.791447382 1.790490649 1.813943844 6.583503216 6.612591521 6.610207802 4.490226173 4.490226173 4.30057056 5.645947551 5.687602708 3.288941981 4.302610221
21 1.366846441 1.361902191 1.353558702 1.348745781 1.345992624 0 0.4285904929 0.4642837981 0.5507983875 0.6277990863 1.415015741 1.392792702 1.377124994 1.412719462 1.338910789 2.15518092 2.083647217 2.078508174 2.077282416 2.101371619 6.66655381 6.695444329 6.694535579 4.792195396 4.792195396 4.603865175 5.730232873 5.77188353 3.591801159 4.606891664
22 1.366206214 1.361265001 1.352929337 1.348120739 1.34536118 0.4285904929 0 0.379063642 0.5065619227 0.6052380504 1.414550746 1.392321322 1.376642565 1.412250717 1.338466149 2.153805693 2.08226658 2.077128248 2.075901887 2.099993742 6.663531087 6.692420034 6.69152302 4.790957856 4.790957856 4.602636031 5.72721999 5.76887061 3.590565817 4.605661401
23 1.358560934 1.353620846 1.345285875 1.340479424 1.337737331 0.4642837981 0.379063642 0 0.4421454709 0.5715066731 1.406680565 1.384459117 1.368780998 1.404391107 1.330589985 2.146122317 2.074583797 2.069444677 2.068218159 2.092309874 6.656112941 6.685002067 6.684103588 4.783237974 4.783237974 4.594914615 5.719800527 5.761451156 3.582846273 4.597941769
24 1.354624489 1.349687585 1.341358047 1.336556894 1.333833966 0.5507983875 0.5065619227 0.4421454709 0 0.5017842579 1.402550623 1.380335938 1.364652252 1.40027286 1.326464001 2.141712916 2.070172058 2.065032313 2.06380524 2.087898301 6.651102659 6.679991115 6.679097478 4.778859922 4.778859922 4.590539386 5.714794188 5.756444807 3.578469931 4.593568239
26 1.352109045 1.347176514 1.338853433 1.334059775 1.331371875 0.6277990863 0.6052380504 0.5715066731 0.5017842579 0 1.399640446 1.377439673 1.361750309 1.397384157 1.323553465 2.138657419 2.067114558 2.061973476 2.060745675 2.084840059 6.647629407 6.676517296 6.675627592 4.77580713 4.77580713 4.587488324 5.711324032 5.752974648 3.575419261 4.59052051
31 1.05257623 1.048690503 1.041272799 1.038682115 1.051120914 1.415015741 1.414550746 1.406680565 1.402550623 1.399640446 0 0.5230992045 0.6284213753 0.5959458393 0.6405669385 1.938849674 1.868272799 1.862985464 1.861861115 1.885483553 6.689346136 6.718442363 6.715963656 4.550660857 4.550660857 4.360734052 5.751686315 5.793342801 3.349817128 4.363907592
32 1.022551006 1.018702343 1.011331459 1.008824339 1.021695539 1.392792702 1.392321322 1.384459117 1.380335938 1.377439673 0.5230992045 0 0.5479756222 0.4702884545 0.6500168597 1.913903791 1.843343927 1.838069964 1.836952508 1.860563183 6.664825921 6.693922766 6.691439928 4.525759783 4.525759783 4.335817203 5.727162969 5.768819453 3.324892622 4.338951514
33 1.002555413 0.9988773626 0.9918510182 0.9896145073 1.002891384 1.377124994 1.376642565 1.368780998 1.364652252 1.361750309 0.6284213753 0.5479756222 0 0.6305185283 0.689839606 1.888838508 1.818300687 1.813018404 1.81190184 1.835502653 6.644135707 6.673235542 6.670728775 4.499942227 4.499942227 4.309953023 5.706451606 5.74810821 3.299065317 4.313099082
35 1.041685613 1.037772635 1.030262265 1.027661076 1.04049509 1.412719462 1.412250717 1.404391107 1.40027286 1.397384157 0.5959458393 0.4702884545 0.6305185283 0 0.6579890807 1.937008657 1.866445017 1.86117933 1.860063871 1.883674796 6.686155787 6.715251532 6.712777777 4.549209656 4.549209656 4.359282013 5.748501044 5.790157475 3.34833865 4.362397613
38 0.9883024498 0.9841764822 0.9762995912 0.9733028161 0.9848357342 1.338910789 1.338466149 1.330589985 1.326464001 1.323553465 0.6405669385 0.6500168597 0.689839606 0.6579890807 0 1.877691696 1.807076214 1.801793236 1.800664136 1.82430597 6.621832264 6.650923899 6.648481398 4.490495337 4.490495337 4.300639079 5.684204097 5.725860415 3.289676413 4.303816439
41 1.866742393 1.864834277 1.862690285 1.862396728 1.866706807 2.15518092 2.153805693 2.146122317 2.141712916 2.138657419 1.938849674 1.913903791 1.888838508 1.937008657 1.877691696 0 0.5313351921 0.6303533897 0.68133034 0.6116392895 6.852143441 6.881631918 6.87595495 4.089385602 4.089385602 3.91940304 5.911619006 5.953293138 2.88907662 3.911711078
44 1.796394526 1.794473412 1.792304241 1.791992073 1.796266981 2.083647217 2.08226658 2.074583797 2.070172058 2.067114558 1.868272799 1.843343927 1.818300687 1.866445017 1.807076214 0.5313351921 0 0.4976336701 0.5557432087 0.5088810488 6.776243052 6.805735231 6.800026183 4.028871067 4.028871067 3.859498806 5.835688694 5.877363053 2.829715545 3.853678281
45 1.791591789 1.789664655 1.787480406 1.787160532 1.791447382 2.078508174 2.077128248 2.069444677 2.065032313 2.061973476 1.862985464 1.838069964 1.813018404 1.86117933 1.801793236 0.6303533897 0.4976336701 0 0.3818373199 0.3833821279 6.771024364 6.800517164 6.794800994 4.017844565 4.017844565 3.849282665 5.830462336 5.872136789 2.819289659 3.844204658
46 1.790654727 1.788723676 1.786530801 1.786205616 1.790490649 2.077282416 2.075901887 2.068218159 2.06380524 2.060745675 1.861861115 1.836952508 1.81190184 1.860063871 1.800664136 0.68133034 0.5557432087 0.3818373199 0 0.4727111651 6.769107315 6.798600877 6.792877548 4.017135071 4.017135071 3.84888606 5.828538277 5.870212794 2.818970531 3.8443851
48 1.814056345 1.812133342 1.809956734 1.809642868 1.813943844 2.101371619 2.099993742 2.092309874 2.087898301 2.084840059 1.885483553 1.860563183 1.835502653 1.883674796 1.82430597 0.6116392895 0.5088810488 0.3833821279 0.4727111651 0 6.795476943 6.82496845 6.819263339 4.035259899 4.035259899 3.86662254 5.854925141 5.896599519 2.83633763 3.860899648
52 6.594748001 6.591554544 6.587122902 6.584869579 6.583503216 6.66655381 6.663531087 6.656112941 6.651102659 6.647629407 6.689346136 6.664825921 6.644135707 6.686155787 6.621832264 6.852143441 6.776243052 6.771024364 6.769107315 6.795476943 0 4.805878613 6.09403863 9.582384158 9.582384158 9.400230195 5.818125812 5.822868549 8.384091372 9.403458401
53 6.623843928 6.620649439 6.61621577 6.613960906 6.612591521 6.695444329 6.692420034 6.685002067 6.679991115 6.676517296 6.718442363 6.693922766 6.673235542 6.715251532 6.650923899 6.881631918 6.805735231 6.800517164 6.798600877 6.82496845 4.805878613 0 6.221935659 9.611808084 9.611808084 9.429649339 5.746619274 5.751188693 8.413513245 9.43287649
59 6.621399118 6.618212575 6.613794275 6.611551368 6.610207802 6.694535579 6.69152302 6.684103588 6.679097478 6.675627592 6.715963656 6.691439928 6.670728775 6.712777777 6.648481398 6.87595495 6.800026183 6.794800994 6.792877548 6.819263339 6.09403863 6.221935659 0 9.606652239 9.606652239 9.424534092 5.355893401 5.332179727 8.408376048 9.427772706
63 4.488854482 4.487030843 4.48494508 4.484802605 4.490226173 4.792195396 4.790957856 4.783237974 4.778859922 4.77580713 4.550660857 4.525759783 4.499942227 4.549209656 4.490495337 4.089385602 4.028871067 4.017844565 4.017135071 4.035259899 9.582384158 9.611808084 9.606652239 0 -1.581899323e-08 3.844070718 8.642323401 8.683994797 2.481646065 4.269867386
64 4.488854482 4.487030843 4.48494508 4.484802605 4.490226173 4.792195396 4.790957856 4.783237974 4.778859922 4.77580713 4.550660857 4.525759783 4.499942227 4.549209656 4.490495337 4.089385602 4.028871067 4.017844565 4.017135071 4.035259899 9.582384158 9.611808084 9.606652239 -1.581899323e-08 0 3.844070718 8.642323401 8.683994797 2.481646065 4.269867386
68 4.299071784 4.297261952 4.295199076 4.295077504 4.30057056 4.603865175 4.602636031 4.594914615 4.590539386 4.587488324 4.360734052 4.335817203 4.309953023 4.359282013 4.300639079 3.91940304 3.859498806 3.849282665 3.84888606 3.86662254 9.400230195 9.429649339 9.424534092 3.844070718 3.844070718 0 8.460206798 8.501877927 2.330692217 3.834233071
510 5.657138277 5.653951653 5.649533042 5.647290046 5.645947551 5.730232873 5.72721999 5.719800527 5.714794188 5.711324032 5.751686315 5.727162969 5.706451606 5.748501044 5.684204097 5.911619006 5.835688694 5.830462336 5.828538277 5.854925141 5.818125812 5.746619274 5.355893401 8.642323401 8.642323401 8.460206798 0 1.666096183 7.444048316 8.463446886
511 5.698793738 5.695607089 5.69118842 5.688945374 5.687602708 5.77188353 5.76887061 5.761451156 5.756444807 5.752974648 5.793342801 5.768819453 5.74810821 5.790157475 5.725860415 5.953293138 5.877363053 5.872136789 5.870212794 5.896599519 5.822868549 5.751188693 5.332179727 8.683994797 8.683994797 8.501877927 1.666096183 0 7.485719558 8.505117876
613 3.287492908 3.285682535 3.283624628 3.283500559 3.288941981 3.591801159 3.590565817 3.582846273 3.578469931 3.575419261 3.349817128 3.324892622 3.299065317 3.34833865 3.289676413 2.88907662 2.829715545 2.819289659 2.818970531 2.83633763 8.384091372 8.413513245 8.408376048 2.481646065 2.481646065 2.330692217 7.444048316 7.485719558 0 2.667937504
614 4.301033465 4.299242608 4.297223596 4.297127027 4.302610221 4.606891664 4.605661401 4.597941769 4.593568239 4.59052051 4.363907592 4.338951514 4.313099082 4.362397613 4.303816439 3.911711078 3.853678281 3.844204658 3.8443851 3.860899648 9.403458401 9.43287649 9.427772706 4.269867386 4.269867386 3.834233071 8.463446886 8.505117876 2.667937504 0
