0 11 12 13 14 15 21 22 23 24 26 31 32 33 35 38 41 44 45 46 48 52 53 59 63 64 68 510 511 613 614
11 0 1.093938093 1.528956212 1.686845941 1.895460346 3.579022014 3.581419148 3.570618612 3.567727971 3.567654496 2.779271832 2.776207647 2.770795989 2.871342216 2.784183753 4.02264422 3.923198485 3.929090633 3.933559214 3.966070117 8.226936539 8.116032207 8.172349224 5.810741726 5.810741726 5.761961871 7.923365473 7.939235027 5.161944916 5.651162867
12 1.093938093 0 1.375332043 1.588808175 1.844331968 3.573413981 3.575823105 3.565026375 3.562147378 3.562089279 2.776764913 2.77374777 2.768791808 2.868671813 2.780861709 4.024873883 3.925390104 3.931269171 3.935727266 3.968261829 8.225994276 8.115087266 8.171419957 5.813196849 5.813196849 5.764451248 7.922432187 7.93830237 5.164424886 5.653685774
13 1.528956212 1.375332043 0 1.251341429 1.75065867 3.56120324 3.563643677 3.552848263 3.549988665 3.549952016 2.766839584 2.76382784 2.759791358 2.858283486 2.769389154 4.028836473 3.929285602 3.935124466 3.939558672 3.972138904 8.224453713 8.113541167 8.169904249 5.817198136 5.817198136 5.768502071 7.920910807 7.936780582 5.16847783 5.657825036
14 1.686845941 1.588808175 1.251341429 0 1.66607455 3.552709908 3.555169152 3.544379772 3.541538511 3.541526112 2.763842484 2.760946584 2.757606718 2.855100749 2.765088687 4.032120089 3.932514858 3.938335155 3.942754415 3.975368444 8.223071118 8.112154371 8.168541029 5.820808129 5.820808129 5.772160991 7.919543098 7.935412762 5.172122994 5.661531092
15 1.895460346 1.844331968 1.75065867 1.66607455 0 3.545022397 3.547463219 3.536731825 3.533954012 3.534056167 2.796332675 2.794403483 2.791940907 2.888577306 2.794987912 4.040729254 3.940983875 3.946869675 3.95128612 3.983961272 8.218404034 8.107479158 8.163914476 5.83262907 5.83262907 5.784177148 7.914909359 7.93077876 5.183980039 5.673471464
21 3.579022014 3.573413981 3.56120324 3.552709908 3.545022397 0 1.279437582 1.385444868 1.637279124 1.859646298 3.587110862 3.599201368 3.602555752 3.697534187 3.561914934 4.705921773 4.603435956 4.608585062 4.612312252 4.646647938 8.518556557 8.407220382 8.465898598 6.519599676 6.519599676 6.473633991 8.216405261 8.232273305 5.872433556 6.364545305
22 3.581419148 3.575823105 3.563643677 3.555169152 3.547463219 1.279437582 0 1.135050426 1.510855566 1.797594081 3.590100902 3.602176318 3.605495017 3.700519368 3.564986096 4.706677808 4.604175219 4.609328044 4.613053631 4.647397574 8.516313685 8.404974118 8.463670791 6.52066081 6.52066081 6.474713856 8.214173403 8.230041438 5.873498476 6.365618682
23 3.570618612 3.565026375 3.552848263 3.544379772 3.536731825 1.385444868 1.135050426 0 1.323719207 1.705139744 3.578531863 3.590631515 3.593954152 3.688985256 3.553391747 4.69587435 4.593375749 4.598524695 4.602249711 4.636592391 8.506199633 8.394860593 8.453554178 6.509724504 6.509724504 6.463771695 8.204057301 8.219925347 5.862562897 6.354683365
24 3.567727971 3.562147378 3.549988665 3.541538511 3.533954012 1.637279124 1.510855566 1.323719207 0 1.50255516 3.574997153 3.587119177 3.590426477 3.685492425 3.549871024 4.692050753 4.589547751 4.594693842 4.598417221 4.632762964 8.501558238 8.390217948 8.44891805 6.505903853 6.505903853 6.459954169 8.199419527 8.215287581 5.858745322 6.350870917
26 3.567654496 3.562089279 3.549952016 3.541526112 3.534056167 1.859646298 1.797594081 1.705139744 1.50255516 0 3.573606731 3.585772578 3.58906652 3.684175564 3.548475303 4.69100556 4.588501436 4.593641245 4.597362442 4.631710266 8.500265317 8.388924197 8.447628334 6.504747602 6.504747602 6.458796126 8.198128563 8.213996634 5.857592881 6.349724011
31 2.779271832 2.776764913 2.766839584 2.763842484 2.796332675 3.587110862 3.590100902 3.578531863 3.574997153 3.573606731 0 1.275989888 1.554238634 1.559146487 1.745032565 4.114892359 4.015388526 4.019616297 4.0235491 4.056474698 8.366956456 8.256052164 8.312331643 5.868884223 5.868884223 5.819252312 8.063327512 8.079198694 5.221014341 5.71153087
32 2.776207647 2.77374777 2.76382784 2.760946584 2.794403483 3.599201368 3.602176318 3.590631515 3.587119177 3.585772578 1.275989888 0 1.47299512 1.306675321 1.814531027 4.122700312 4.023218447 4.027484708 4.031433445 4.064338111 8.374776477 8.263872876 8.320149207 5.877189569 5.877189569 5.827549033 8.071146236 8.087017395 5.229285127 5.71974764
33 2.770795989 2.768791808 2.759791358 2.757606718 2.791940907 3.602555752 3.605495017 3.593954152 3.590426477 3.58906652 1.554238634 1.47299512 0 1.741469552 1.953328619 4.106598313 4.007187038 4.01141393 4.015362135 4.048237281 8.36699194 8.256094812 8.312333975 5.859281866 5.859281866 5.80953531 8.06333768 8.079208933 5.211363961 5.701791173
35 2.871342216 2.868671813 2.858283486 2.855100749 2.888577306 3.697534187 3.700519368 3.688985256 3.685492425 3.684175564 1.559146487 1.306675321 1.741469552 0 1.877113393 4.228555393 4.129049497 4.133354701 4.137311724 4.170220525 8.476491601 8.365585122 8.421878403 5.984191693 5.984191693 5.934599365 8.172872689 8.188743788 5.336276496 5.826729277
38 2.784183753 2.780861709 2.769389154 2.765088687 2.794987912 3.561914934 3.564986096 3.553391747 3.549871024 3.548475303 1.745032565 1.814531027 1.953328619 1.877113393 0 4.129357344 4.029713556 4.033989369 4.037913738 4.070904766 8.366010964 8.255094057 8.311445322 5.886296651 5.886296651 5.836858411 8.062427832 8.078298853 5.238470056 5.72907968
41 4.02264422 4.024873883 4.028836473 4.032120089 4.040729254 4.705921773 4.706677808 4.69587435 4.692050753 4.69100556 4.114892359 4.122700312 4.106598313 4.228555393 4.129357344 0 1.540973976 1.776757618 1.902682891 1.711153451 8.514373732 8.404125223 8.456587073 5.060379045 5.060379045 5.047165819 8.208231072 8.224114194 4.413299885 4.913198084
44 3.923198485 3.925390104 3.929285602 3.932514858 3.940983875 4.603435956 4.604175219 4.593375749 4.589547751 4.588501436 4.015388526 4.023218447 4.007187038 4.129049497 4.029713556 1.540973976 0 1.473155592 1.631618598 1.497803888 8.402034694 8.291795113 8.344202751 4.982873824 4.982873824 4.970562864 8.095854359 8.111737737 4.337757065 4.840445871
45 3.929090633 3.931269171 3.935124466 3.938335155 3.946869675 4.608585062 4.609328044 4.598524695 4.594693842 4.593641245 4.019616297 4.027484708 4.01141393 4.133354701 4.033989369 1.776757618 1.473155592 0 1.140330835 1.143294527 8.407371168 8.297133427 8.349527521 4.968124654 4.968124654 4.957973624 8.101179405 8.117062936 4.324316815 4.82937064
46 3.933559214 3.935727266 3.939558672 3.942754415 3.95128612 4.612312252 4.613053631 4.602249711 4.598417221 4.597362442 4.0235491 4.031433445 4.015362135 4.137311724 4.037913738 1.902682891 1.631618598 1.140330835 0 1.39766413 8.409518172 8.299282512 8.35166319 4.970998577 4.970998577 4.961589346 8.103316421 8.119200043 4.327960001 4.834221058
48 3.966070117 3.968261829 3.972138904 3.975368444 3.983961272 4.646647938 4.647397574 4.636592391 4.632762964 4.631710266 4.056474698 4.064338111 4.048237281 4.170220525 4.070904766 1.711153451 1.497803888 1.143294527 1.39766413 0 8.449192116 8.338951115 8.391364852 4.993444602 4.993444602 4.983307219 8.143013875 8.158897317 4.349025258 4.853318874
52 8.226936539 8.225994276 8.224453713 8.223071118 8.218404034 8.518556557 8.516313685 8.506199633 8.501558238 8.500265317 8.366956456 8.374776477 8.36699194 8.476491601 8.366010964 8.514373732 8.402034694 8.407371168 8.409518172 8.449192116 0 4.256582707 5.543647029 10.47136287 10.47136287 10.43541682 5.953236985 5.929552281 9.8271307 10.32512572
53 8.116032207 8.115087266 8.113541167 8.112154371 8.107479158 8.407220382 8.404974118 8.394860593 8.390217948 8.388924197 8.256052164 8.263872876 8.256094812 8.365585122 8.255094057 8.404125223 8.291795113 8.297133427 8.299282512 8.338951115 4.256582707 0 5.537726954 10.3610185 10.3610185 10.32506418 5.741859756 5.717493809 9.716782952 10.2147717
59 8.172349224 8.171419957 8.169904249 8.168541029 8.163914476 8.465898598 8.463670791 8.453554178 8.44891805 8.447628334 8.312331643 8.320149207 8.312333975 8.421878403 8.311445322 8.456587073 8.344202751 8.349527521 8.35166319 8.391364852 5.543647029 5.537726954 0 10.41402815 10.41402815 10.37812359 5.466339403 5.419936807 9.769813946 10.26784196
63 5.810741726 5.813196849 5.817198136 5.820808129 5.83262907 6.519599676 6.52066081 6.509724504 6.505903853 6.504747602 5.868884223 5.877189569 5.859281866 5.984191693 5.886296651 5.060379045 4.982873824 4.968124654 4.970998577 4.993444602 10.47136287 10.3610185 10.41402815 0 8.937726914e-08 3.975156231 10.16557176 10.18145354 2.861785571 4.37115659
64 5.810741726 5.813196849 5.817198136 5.820808129 5.83262907 6.519599676 6.52066081 6.509724504 6.505903853 6.504747602 5.868884223 5.877189569 5.859281866 5.984191693 5.886296651 5.060379045 4.982873824 4.968124654 4.970998577 4.993444602 10.47136287 10.3610185 10.41402815 8.937726914e-08 0 3.975156231 10.16557176 10.18145354 2.861785571 4.37115659
68 5.761961871 5.764451248 5.768502071 5.772160991 5.784177148 6.473633991 6.474713856 6.463771695 6.459954169 6.458796126 5.819252312 5.827549033 5.80953531 5.934599365 5.836858411 5.047165819 4.970562864 4.957973624 4.961589346 4.983307219 10.43541682 10.32506418 10.37812359 3.975156231 3.975156231 0 10.12966 10.14554156 2.948703573 3.974780713
510 7.923365473 7.922432187 7.920910807 7.919543098 7.914909359 8.216405261 8.214173403 8.204057301 8.199419527 8.198128563 8.063327512 8.071146236 8.06333768 8.172872689 8.062427832 8.208231072 8.095854359 8.101179405 8.103316421 8.143013875 5.953236985 5.741859756 5.466339403 10.16557176 10.16557176 10.12966 0 2.213924915 9.521355405 10.01937868
511 7.939235027 7.93830237 7.936780582 7.935412762 7.93077876 8.232273305 8.230041438 8.219925347 8.215287581 8.213996634 8.079198694 8.087017395 8.079208933 8.188743788 8.078298853 8.224114194 8.111737737 8.117062936 8.119200043 8.158897317 5.929552281 5.717493809 5.419936807 10.18145354 10.18145354 10.14554156 2.213924915 0 9.537236981 10.03526003
613 5.161944916 5.164424886 5.16847783 5.172122994 5.183980039 5.872433556 5.873498476 5.862562897 5.858745322 5.857592881 5.221014341 5.229285127 5.211363961 5.336276496 5.238470056 4.413299885 4.337757065 4.324316815 4.327960001 4.349025258 9.8271307 9.716782952 9.769813946 2.861785571 2.861785571 2.948703573 9.521355405 9.537236981 0 3.270595476
614 5.651162867 5.653685774 5.657825036 5.661531092 5.673471464 6.364545305 6.365618682 6.354683365 6.350870917 6.349724011 5.71153087 5.71974764 5.701791173 5.826729277 5.72907968 4.913198084 4.840445871 4.82937064 4.834221058 4.853318874 10.32512572 10.2147717 10.26784196 4.37115659 4.37115659 3.974780713 10.01937868 10.03526003 3.270595476 0
